EPSILON=4.000000
 wab=  2.743674;
 wac= -2.778689;
 wbd= -1.310456;
 wbe= -1.312891;
 wcd= -1.691827;
 wce= -1.704581;
offa= -1.312300;
offb=  1.956707;
offc=  0.710779;
